      0/14     2.18G   0.06804   0.01065         0    0.0787        53       640    0.1892    0.3305    0.1138   0.02445   0.05213   0.01016         0
      1/14     2.19G   0.05047   0.01094         0   0.06141        94       640    0.5585    0.4792    0.5627     0.205   0.04262  0.007795         0
      2/14     2.19G   0.04489  0.008643         0   0.05353        31       640    0.8135    0.8649    0.8628    0.4351   0.03774  0.006578         0
      3/14     2.19G   0.04061  0.007393         0     0.048        64       640    0.9134    0.8605    0.9112    0.4534   0.03466  0.006307         0
      4/14     2.19G   0.03743  0.006528         0   0.04396        59       640    0.9073     0.905    0.9515    0.5359   0.03079  0.004524         0
      5/14     2.19G   0.03529  0.005971         0   0.04126        80       640     0.929    0.9251    0.9561    0.6053   0.02824  0.004469         0
      6/14     2.19G   0.03376  0.005651         0   0.03941        88       640    0.9271    0.9373    0.9672    0.6112   0.02752   0.00401         0
      7/14     2.19G   0.03232  0.005519         0   0.03784        51       640    0.9332    0.9373    0.9666     0.642   0.02519  0.003742         0
      8/14     2.19G   0.03116  0.005351         0   0.03651        38       640    0.9273    0.9387    0.9734    0.6593   0.02396  0.003518         0
      9/14     2.19G   0.03088  0.005254         0   0.03613        50       640    0.9401    0.9187     0.967    0.6447   0.02515  0.003861         0
     10/14     2.19G   0.02968  0.005238         0   0.03492        77       640    0.9315    0.9398     0.974    0.6603   0.02392  0.003472         0
     11/14     2.19G   0.02903  0.005093         0   0.03412        68       640    0.9367    0.9379    0.9722    0.6692   0.02316  0.003343         0
     12/14     2.19G   0.02873  0.005066         0    0.0338        70       640    0.9412    0.9376    0.9778    0.6775   0.02285    0.0033         0
     13/14     2.19G    0.0282   0.00507         0   0.03327        57       640    0.9381    0.9354    0.9765    0.6864   0.02238  0.003326         0
     14/14     2.19G   0.02789  0.004897         0   0.03279        61       640    0.9465    0.9404    0.9797    0.6835   0.02225  0.003278         0
