      0/24     2.18G   0.06599  0.009157         0   0.07515        45       640    0.1493    0.3289   0.07184   0.01479   0.05429  0.009991         0
      1/24     2.19G   0.04886  0.009133         0   0.05799        41       640    0.2404    0.6446    0.2142   0.07784    0.0405  0.008503         0
      2/24     2.19G   0.04366   0.00713         0   0.05079        38       640    0.8247    0.8122    0.8627    0.4077   0.04061  0.006626         0
      3/24     2.19G    0.0391  0.005818         0   0.04492        34       640    0.8938    0.8482    0.9046     0.499   0.03738  0.005802         0
      4/24     2.19G   0.03538  0.005343         0   0.04073        39       640     0.902    0.9093    0.9509    0.5377   0.03054  0.004497         0
      5/24     2.19G    0.0334  0.005039         0   0.03844        26       640    0.8717    0.7911    0.8714     0.479   0.03939  0.005649         0
      6/24     2.19G   0.03218  0.004926         0   0.03711        37       640    0.9331    0.9299    0.9719    0.6246   0.02744  0.003775         0
      7/24     2.19G   0.03128   0.00465         0   0.03593        20       640    0.9282    0.9322    0.9663    0.6322   0.02593   0.00394         0
      8/24     2.19G   0.03046  0.004608         0   0.03507        35       640    0.9307    0.9299    0.9619    0.6172   0.02718   0.00404         0
      9/24     2.19G   0.02945    0.0045         0   0.03395        26       640    0.9436     0.913    0.9648    0.6078   0.02969  0.003882         0
     10/24     2.19G   0.02947  0.004442         0   0.03392        39       640    0.9407    0.9028    0.9582    0.5947   0.03058  0.004015         0
     11/24     2.19G   0.02875    0.0043         0   0.03305        55       640    0.9467    0.9347    0.9763    0.6616   0.02377  0.003355         0
     12/24     2.19G   0.02838  0.004253         0   0.03263        30       640    0.9432    0.9418    0.9792    0.6624   0.02499   0.00334         0
     13/24     2.19G   0.02773  0.003992         0   0.03172        40       640    0.9359    0.9443    0.9743    0.6524   0.02458  0.003505         0
     14/24     2.19G    0.0277  0.004004         0    0.0317        45       640    0.9417    0.9376    0.9792    0.6735   0.02416  0.003262         0
     15/24     2.19G   0.02688  0.003893         0   0.03078        42       640     0.948    0.9392    0.9794    0.6929   0.02242   0.00327         0
     16/24     2.19G   0.02655  0.003783         0   0.03034        28       640    0.9436     0.937    0.9777     0.688    0.0224  0.003291         0
     17/24     2.19G   0.02648   0.00376         0   0.03024        34       640     0.948    0.9408    0.9797     0.697   0.02236  0.003211         0
     18/24     2.19G   0.02608  0.003766         0   0.02985        29       640    0.9451    0.9475    0.9806    0.7012   0.02175  0.003145         0
     19/24     2.19G   0.02588  0.003648         0   0.02953        43       640    0.9478    0.9424    0.9808    0.6984   0.02187  0.003152         0
     20/24     2.19G   0.02569  0.003651         0   0.02934        33       640    0.9334    0.9523    0.9814    0.7008   0.02154   0.00316         0
     21/24     2.19G   0.02544  0.003636         0   0.02907        33       640    0.9433     0.953    0.9815    0.6975   0.02159  0.003136         0
     22/24     2.19G   0.02528  0.003535         0   0.02882        46       640    0.9455    0.9427    0.9803    0.6969   0.02198  0.003156         0
     23/24     2.19G   0.02521  0.003636         0   0.02885        36       640    0.9517    0.9405    0.9831    0.7059   0.02141   0.00311         0
     24/24     2.19G    0.0249  0.003593         0    0.0285        20       640    0.9435    0.9513    0.9829    0.7106   0.02119  0.003089         0
