      0/99    0.608G   0.08765  0.009647         0    0.0973        99       640   0.00313    0.1107 0.0006264 8.153e-05    0.1023   0.01225         0
      1/99     2.24G   0.08237  0.009666         0   0.09204        91       640  0.001967    0.2252 0.0008293 0.0001083   0.09639    0.0122         0
      2/99     2.87G   0.07879  0.009839         0   0.08863        59       640  0.002946    0.1069 0.0009987 0.0001462   0.09269   0.01212         0
      3/99     2.87G   0.07649  0.009881         0   0.08637       122       640  0.002707   0.08015 0.0008685 0.0001143    0.0893   0.01213         0
      4/99     2.87G   0.07376  0.009983         0   0.08374       104       640  0.004472   0.04198  0.001473  0.000202   0.08711   0.01209         0
      5/99     2.87G   0.07141   0.00982         0   0.08123        33       640  0.004971   0.08397  0.001611 0.0002364    0.0853   0.01213         0
      6/99     2.87G   0.06991  0.009872         0   0.07978        85       640  0.004281    0.1489   0.00153 0.0002439   0.08223    0.0121         0
      7/99     2.88G   0.06739   0.01004         0   0.07743        89       640  0.006207     0.145  0.002156 0.0003146   0.08122   0.01226         0
      8/99     2.88G   0.06702   0.01084         0   0.07786        90       640  0.008697     0.145   0.00335 0.0005819   0.07799   0.01247         0
      9/99     2.88G   0.06552   0.01103         0   0.07655        76       640   0.01996    0.1069  0.005823 0.0009706   0.07595   0.01261         0
     10/99     2.88G   0.06282   0.01117         0   0.07398        79       640   0.02575    0.1908  0.008489  0.001429    0.0721   0.01291         0
     11/99     2.88G   0.06264   0.01092         0   0.07355        80       640   0.02256    0.2405  0.009388  0.001644   0.07045   0.01303         0
     12/99     2.88G   0.05857    0.0117         0   0.07027        80       640   0.01182    0.2519  0.004625 0.0008789    0.0691   0.01283         0
     13/99     2.88G   0.05891   0.01254         0   0.07145       100       640   0.01713    0.2901  0.007472  0.001625   0.06544   0.01289         0
     14/99     2.88G   0.05678   0.01198         0   0.06877        41       640   0.02872    0.2901   0.01281  0.002303    0.0648   0.01305         0
     15/99     2.88G   0.05658   0.01177         0   0.06835        86       640   0.08877    0.2519   0.04158  0.009372   0.06193   0.01316         0
     16/99     2.88G   0.05462   0.01278         0    0.0674        88       640   0.03822    0.2901   0.02512  0.005081   0.06077    0.0128         0
     17/99     2.88G   0.05315   0.01337         0   0.06652       103       640    0.1028    0.2977   0.07954   0.01682    0.0597    0.0123         0
     18/99     2.88G   0.05282    0.0122         0   0.06503        94       640    0.1547    0.2863    0.1262   0.02685   0.05733   0.01222         0
     19/99     2.88G   0.05217   0.01195         0   0.06412        96       640    0.2104    0.3893    0.2338   0.05692   0.05475   0.01209         0
     20/99     2.88G   0.05219    0.0114         0   0.06359        54       640    0.1523    0.4542    0.1452   0.03053   0.05892   0.01132         0
     21/99     2.88G   0.05234   0.01066         0     0.063        70       640    0.3015    0.4427    0.2576   0.05811   0.05313   0.01188         0
     22/99     2.88G   0.05098  0.009902         0   0.06089        96       640    0.2771    0.4885    0.2394   0.05011   0.05572   0.01133         0
     23/99     2.88G   0.05135   0.01046         0   0.06181        65       640    0.3447    0.5229    0.3822   0.09469   0.05089   0.01192         0
     24/99     2.88G   0.04952   0.01092         0   0.06045        62       640    0.3906    0.5456    0.4187    0.1033   0.05476   0.01151         0
     25/99     2.88G   0.04993   0.01066         0   0.06059       134       640    0.4094    0.5191    0.4309    0.1523   0.05043   0.01167         0
     26/99     2.88G   0.05049   0.01047         0   0.06096        97       640    0.5289      0.51    0.4951    0.1766   0.05122   0.01138         0
     27/99     2.88G   0.04846  0.009775         0   0.05824        77       640    0.4919    0.6336    0.5359     0.193   0.04798   0.01188         0
     28/99     2.88G   0.04891   0.01068         0   0.05959        88       640    0.4874    0.6031    0.5282    0.2155   0.04821   0.01167         0
     29/99     2.88G   0.04652  0.009501         0   0.05603        73       640     0.589     0.645    0.6407    0.2249   0.04893   0.01108         0
     30/99     2.88G   0.04809  0.009026         0   0.05711       113       640     0.591     0.687    0.6688    0.2678   0.05061   0.01106         0
     31/99     2.88G    0.0476  0.009483         0   0.05709        89       640    0.5982    0.6565    0.6401    0.1959   0.05359   0.01083         0
     32/99     2.88G   0.05026  0.009124         0   0.05939       102       640    0.5614    0.7427    0.6504    0.1996   0.05318   0.01057         0
     33/99     2.88G   0.04779  0.009147         0   0.05693       112       640    0.5953    0.6985    0.6007    0.1855   0.04919   0.01094         0
     34/99     2.88G   0.04538  0.009299         0   0.05468        87       640    0.6393    0.7214    0.6608    0.2899   0.04512   0.01095         0
     35/99     2.88G   0.04577  0.008768         0   0.05454       141       640    0.6576    0.6817    0.6286    0.2843   0.04375   0.01102         0
     36/99     2.88G   0.04417   0.00835         0   0.05253        86       640    0.5624    0.7328    0.6138    0.2572   0.04644   0.01103         0
     37/99     2.88G   0.04553  0.008197         0   0.05372        95       640    0.6593    0.7237    0.6744    0.3191   0.04271   0.01081         0
     38/99     2.88G   0.04532  0.008684         0     0.054       103       640    0.5794    0.7061    0.5455    0.1625   0.05019   0.01066         0
     39/99     2.88G   0.04326   0.00884         0    0.0521        93       640    0.6654    0.8015    0.7382    0.3299   0.04267   0.01088         0
     40/99     2.88G   0.04659  0.008429         0   0.05502       111       640    0.6433    0.8168    0.7575    0.3501   0.04279    0.0109         0
     41/99     2.88G   0.04278  0.008856         0   0.05164        89       640    0.6303    0.7977    0.7471    0.2908   0.04756   0.01049         0
     42/99     2.88G   0.04646  0.008446         0   0.05491        92       640    0.6122    0.8168    0.7012    0.3242   0.04297   0.01086         0
     43/99     2.88G   0.04233   0.00863         0   0.05096        60       640    0.5682    0.7786    0.6382    0.2939   0.04235   0.01045         0
     44/99     2.88G   0.04545  0.008364         0   0.05381       110       640    0.6419    0.8168    0.7376    0.3458   0.04365   0.01056         0
     45/99     2.88G   0.04149   0.00861         0    0.0501        81       640    0.6139    0.8397     0.747    0.3088   0.04561  0.009545         0
     46/99     2.88G   0.04578  0.008152         0   0.05394        68       640    0.6202    0.8855    0.7335    0.3867   0.04117  0.009848         0
     47/99     2.88G   0.04111  0.008191         0    0.0493        63       640    0.6125     0.911    0.7304    0.3785   0.04006  0.009941         0
     48/99     2.88G   0.04158  0.008023         0   0.04961        72       640    0.6546    0.8626    0.7185    0.3173   0.04119  0.009823         0
     49/99     2.88G   0.04045  0.008102         0   0.04855       103       640    0.6282    0.8966    0.7574    0.4123   0.03965  0.009774         0
     50/99     2.88G   0.03999  0.007953         0   0.04794        98       640    0.6674    0.8702    0.7929    0.4084   0.03859  0.009763         0
     51/99     2.88G   0.03944  0.007521         0   0.04696        92       640    0.6187    0.9041     0.797    0.4219   0.03869  0.009464         0
     52/99     2.88G   0.04078  0.007392         0   0.04817        48       640    0.6306    0.9383    0.8184    0.4479   0.03771  0.009496         0
     53/99     2.88G   0.03761  0.007417         0   0.04502        76       640    0.6215    0.8962    0.7882    0.4303   0.03677  0.009221         0
     54/99     2.88G   0.03864  0.007556         0    0.0462       125       640    0.6313    0.9344    0.8038    0.4609   0.03732  0.008989         0
     55/99     2.88G   0.03829  0.007624         0   0.04591       100       640    0.6471    0.8893    0.8042    0.4569   0.03714  0.008908         0
     56/99     2.88G   0.03782    0.0074         0   0.04522        89       640    0.6427    0.9268    0.8226    0.4305   0.03871  0.008807         0
     57/99     2.88G   0.03819  0.007321         0   0.04551        45       640    0.6807    0.8473    0.8269    0.4546   0.03669  0.008981         0
     58/99     2.88G   0.03788   0.00758         0   0.04546        60       640     0.633    0.9347    0.7886    0.4167   0.03915   0.00878         0
     59/99     2.88G   0.03736   0.00718         0   0.04454        50       640    0.6621     0.935    0.8281    0.4751   0.03612  0.008545         0
     60/99     2.88G   0.03573  0.006952         0   0.04268        67       640    0.6685    0.9388    0.8213    0.4664     0.036  0.008388         0
     61/99     2.88G   0.03719  0.007228         0   0.04442        73       640    0.6342    0.9461    0.7918    0.4289    0.0364  0.008417         0
     62/99     2.88G   0.03637  0.007156         0   0.04352        85       640    0.6738    0.9389    0.8451    0.5048   0.03512  0.008352         0
     63/99     2.88G   0.03644  0.006983         0   0.04343       103       640    0.6854    0.9066    0.8339     0.465   0.03627  0.008294         0
     64/99     2.88G    0.0368  0.007074         0   0.04388        81       640    0.6951     0.931     0.847    0.5008   0.03509  0.008466         0
     65/99     2.88G   0.03611  0.007096         0   0.04321        82       640    0.6731    0.9275    0.8282    0.4908   0.03506  0.008349         0
     66/99     2.88G   0.03529  0.007483         0   0.04277       117       640    0.6737    0.9313     0.843    0.5056   0.03517  0.008149         0
     67/99     2.88G   0.03601  0.007155         0   0.04317        84       640    0.6676    0.9351    0.8284    0.4879   0.03517   0.00808         0
     68/99     2.88G   0.03508  0.007115         0    0.0422        76       640    0.6542    0.9389    0.8125    0.4744   0.03522  0.008001         0
     69/99     2.88G   0.03476   0.00653         0   0.04129        88       640    0.6596    0.9465    0.8145    0.4729   0.03489  0.008032         0
     70/99     2.88G   0.03596  0.006806         0   0.04277        89       640    0.7023    0.9008    0.8298    0.4938   0.03445  0.007959         0
     71/99     2.88G   0.03437  0.006667         0   0.04104        60       640    0.6702    0.9387    0.8221    0.4956   0.03362  0.007901         0
     72/99     2.88G    0.0342  0.007284         0   0.04148        71       640    0.6821    0.9351    0.8451     0.507    0.0342  0.007739         0
     73/99     2.88G    0.0343  0.006514         0   0.04081        71       640    0.6914    0.9237    0.8485    0.5165   0.03422  0.007729         0
     74/99     2.88G   0.03516  0.006685         0   0.04185        95       640    0.6832    0.9389    0.8503    0.5078   0.03409  0.007644         0
     75/99     2.88G   0.03332   0.00639         0   0.03971       102       640    0.6814    0.9387    0.8486    0.5167   0.03367  0.007579         0
     76/99     2.88G   0.03376  0.006782         0   0.04054        90       640    0.7091    0.9504    0.8618    0.5175   0.03433  0.007479         0
     77/99     2.88G   0.03525  0.007391         0   0.04264        98       640    0.6882    0.9267    0.8329    0.5047   0.03325   0.00752         0
     78/99     2.88G   0.03445  0.006897         0   0.04134        66       640    0.6996    0.9156    0.8526    0.5173   0.03362  0.007492         0
     79/99     2.88G   0.03376  0.006811         0   0.04057       112       640    0.6948    0.9389    0.8564    0.5174   0.03379  0.007444         0
     80/99     2.88G   0.03341   0.00658         0      0.04        67       640    0.7003    0.9198    0.8566      0.53   0.03311  0.007434         0
     81/99     2.88G   0.03429   0.00644         0   0.04072       102       640    0.7655    0.8472    0.8661    0.5331   0.03337  0.007417         0
     82/99     2.88G   0.03448  0.006625         0    0.0411        82       640    0.7087    0.9313    0.8683    0.5411   0.03334  0.007348         0
     83/99     2.88G   0.03276  0.006538         0    0.0393       105       640    0.7261    0.9005    0.8716    0.5448   0.03319  0.007333         0
     84/99     2.88G   0.03415  0.006844         0   0.04099        86       640    0.7115    0.9226    0.8672     0.542   0.03278  0.007295         0
     85/99     2.88G   0.03366  0.007004         0   0.04067       118       640    0.7166    0.9084    0.8581    0.5331   0.03295  0.007259         0
     86/99     2.88G    0.0334  0.006739         0   0.04013        55       640    0.7396    0.8888    0.8568    0.5244   0.03306  0.007227         0
     87/99     2.88G   0.03267  0.006353         0   0.03902        63       640    0.7388    0.8969    0.8558    0.5237   0.03312  0.007227         0
     88/99     2.88G   0.03378  0.006658         0   0.04044        90       640    0.7665     0.855    0.8501    0.5198   0.03311  0.007215         0
     89/99     2.88G   0.03321  0.006682         0   0.03989        60       640    0.7803     0.855    0.8593    0.5295   0.03294  0.007183         0
     90/99     2.88G   0.03266  0.006599         0   0.03926        59       640    0.7784    0.8588    0.8588    0.5274    0.0332  0.007146         0
     91/99     2.88G   0.03325  0.006206         0   0.03946        56       640    0.7805    0.8548     0.862     0.527   0.03335  0.007136         0
     92/99     2.88G   0.03216   0.00626         0   0.03842        82       640    0.7831    0.8588    0.8691    0.5335   0.03294  0.007146         0
     93/99     2.88G   0.03289  0.006431         0   0.03932        78       640    0.7744    0.8777     0.872    0.5419   0.03259  0.007123         0
     94/99     2.88G   0.03385   0.00662         0   0.04047       107       640    0.7859    0.8548    0.8698    0.5377   0.03273  0.007114         0
     95/99     2.88G   0.03279  0.006679         0   0.03946        95       640    0.7167    0.9275    0.8701    0.5372   0.03276  0.007084         0
     96/99     2.88G   0.03309  0.006505         0    0.0396        88       640    0.7606     0.874     0.866    0.5386    0.0328   0.00705         0
     97/99     2.88G   0.03333  0.006308         0   0.03964        85       640    0.7729     0.874    0.8643    0.5353   0.03246   0.00708         0
     98/99     2.88G   0.03277  0.006186         0   0.03896        50       640     0.802    0.8664    0.8752    0.5462   0.03221  0.007094         0
     99/99     2.88G    0.0322  0.006172         0   0.03837       103       640    0.7998    0.8702    0.8725    0.5411   0.03228  0.007062         0
