      0/29    0.608G   0.08727  0.009643         0   0.09692        99       640  0.003752   0.09542 0.0006383 9.759e-05    0.1025   0.01222         0
      1/29     2.24G   0.08255  0.009641         0   0.09219        91       640  0.001967    0.2252 0.0009299 0.0001682   0.09756   0.01214         0
      2/29     2.87G    0.0781   0.00994         0   0.08803        59       640  0.006092    0.0916  0.001617 0.0002614   0.09336   0.01213         0
      3/29     2.87G   0.07589  0.009975         0   0.08586       122       640    0.0142   0.01145  0.001333 0.0002013   0.09066   0.01212         0
      4/29     2.87G   0.07309   0.01008         0   0.08317       104       640  0.004594    0.1794  0.001544 0.0002491   0.08783   0.01218         0
      5/29     2.87G   0.07079  0.009931         0   0.08072        33       640  0.006827   0.03435  0.001609 0.0002598   0.08437   0.01221         0
      6/29     2.87G    0.0698  0.009934         0   0.07973        85       640  0.004654    0.1947  0.001528 0.0002196   0.08174   0.01234         0
      7/29     2.88G   0.06781   0.01009         0   0.07789        89       640  0.004627    0.1336  0.001764 0.0002841    0.0781   0.01245         0
      8/29     2.88G   0.06756   0.01079         0   0.07835        90       640  0.005336    0.2443  0.002072  0.000326   0.07621    0.0126         0
      9/29     2.88G   0.06517    0.0111         0   0.07627        76       640   0.02016    0.1794  0.007693   0.00137   0.07541   0.01268         0
     10/29     2.88G   0.06312   0.01103         0   0.07415        79       640   0.03359    0.1832   0.01245  0.002188   0.07161   0.01303         0
     11/29     2.88G   0.06278   0.01084         0   0.07362        80       640   0.05483    0.2099   0.02219  0.004688   0.06891   0.01304         0
     12/29     2.88G   0.05975    0.0115         0   0.07125        80       640   0.04559    0.2252   0.01951   0.00383    0.0679    0.0131         0
     13/29     2.88G   0.05947   0.01228         0   0.07175       100       640   0.04722    0.2786   0.02314  0.004673   0.06431   0.01338         0
     14/29     2.88G   0.05775   0.01173         0   0.06948        41       640   0.07942    0.2595   0.03409  0.006709   0.06457   0.01317         0
     15/29     2.88G   0.05806   0.01146         0   0.06952        86       640   0.07502    0.3168   0.03666  0.007137   0.06401   0.01314         0
     16/29     2.88G   0.05648   0.01233         0   0.06881        88       640   0.05973    0.3473   0.03449  0.006985   0.06238   0.01311         0
     17/29     2.88G   0.05495   0.01308         0   0.06803       103       640    0.1312    0.2977   0.07391   0.01654   0.06253   0.01296         0
     18/29     2.88G    0.0553   0.01202         0   0.06732        94       640    0.1628    0.2672    0.1049   0.02537   0.06113   0.01278         0
     19/29     2.88G   0.05446   0.01216         0   0.06662        96       640    0.1812    0.4313    0.1492   0.03434   0.05931   0.01277         0
     20/29     2.88G   0.05393   0.01209         0   0.06602        54       640    0.2054    0.5115      0.18   0.04482   0.05886   0.01267         0
     21/29     2.88G   0.05432   0.01157         0   0.06589        70       640    0.1923    0.4885    0.1839    0.0465   0.05929   0.01246         0
     22/29     2.88G   0.05198    0.0111         0   0.06308        96       640    0.2411    0.4427    0.2059   0.05093   0.05789   0.01226         0
     23/29     2.88G   0.05129   0.01137         0   0.06266        65       640    0.2521    0.4389     0.218   0.05341    0.0601   0.01191         0
     24/29     2.88G   0.05115   0.01148         0   0.06263        62       640     0.302    0.3931    0.2344   0.05395   0.05777   0.01173         0
     25/29     2.88G   0.05128    0.0114         0   0.06269       134       640     0.289    0.4081    0.2361   0.06274   0.05627   0.01178         0
     26/29     2.88G   0.05111    0.0115         0   0.06261        97       640    0.2924    0.4351    0.2448   0.06071   0.05688   0.01161         0
     27/29     2.88G   0.04986   0.01046         0   0.06032        77       640    0.3006    0.4008    0.2318   0.07431   0.05698   0.01155         0
     28/29     2.88G   0.04979    0.0115         0   0.06129        88       640    0.3189    0.3817    0.2451   0.07581   0.05643    0.0115         0
     29/29     2.88G   0.04976   0.01042         0   0.06018        73       640    0.2844    0.4809    0.2675   0.07283   0.05628   0.01147         0
