      0/19     2.18G   0.06884   0.01052         0   0.07935        53       640    0.1023    0.3941   0.06517   0.01367   0.05325   0.01005         0
      1/19     2.19G   0.05087   0.01081         0   0.06168        94       640    0.6197     0.636    0.6505    0.2092   0.04152  0.008785         0
      2/19     2.19G   0.04487  0.008659         0   0.05353        31       640    0.8921    0.7804    0.8548    0.4344   0.03846  0.007341         0
      3/19     2.19G   0.04043  0.007162         0   0.04759        64       640    0.9065    0.8864    0.9402     0.481    0.0327  0.004826         0
      4/19     2.19G   0.03741  0.006306         0   0.04371        59       640    0.9249    0.9114    0.9513    0.5706   0.03087   0.00456         0
      5/19     2.19G   0.03533  0.005847         0   0.04118        80       640    0.9331    0.9109    0.9595    0.6086   0.02755  0.004308         0
      6/19     2.19G   0.03389  0.005606         0    0.0395        88       640    0.9437    0.9258    0.9699    0.6283   0.02641  0.003786         0
      7/19     2.19G   0.03275  0.005476         0   0.03823        51       640    0.9347    0.9351    0.9695    0.6384   0.02525  0.003736         0
      8/19     2.19G   0.03152  0.005339         0   0.03685        38       640    0.9404    0.9306    0.9722    0.6481   0.02439  0.003505         0
      9/19     2.19G   0.03127  0.005226         0    0.0365        50       640    0.9232    0.9533    0.9737    0.6595   0.02438  0.003428         0
     10/19     2.19G   0.02999  0.005184         0   0.03517        77       640     0.926    0.9466    0.9757    0.6666    0.0237  0.003354         0
     11/19     2.19G   0.02933   0.00504         0   0.03437        68       640    0.9391     0.937    0.9736    0.6664   0.02271  0.003295         0
     12/19     2.19G   0.02911  0.005019         0   0.03413        70       640    0.9382    0.9416    0.9755    0.6724   0.02285  0.003283         0
     13/19     2.19G   0.02846  0.005009         0   0.03347        57       640    0.9311    0.9523    0.9788    0.6843     0.023  0.003227         0
     14/19     2.19G   0.02798  0.004839         0   0.03282        61       640    0.9217    0.9472    0.9736    0.6794   0.02305   0.00336         0
     15/19     2.19G   0.02768   0.00485         0   0.03253        71       640     0.929    0.9539    0.9799    0.6937    0.0219  0.003165         0
     16/19     2.19G   0.02757  0.004811         0   0.03238        74       640    0.9315     0.952    0.9807    0.6982   0.02212    0.0032         0
     17/19     2.19G    0.0273  0.004795         0    0.0321        52       640    0.9297    0.9564    0.9817    0.6979   0.02171  0.003113         0
     18/19     2.19G   0.02715  0.004714         0   0.03187        58       640    0.9449    0.9437    0.9814    0.6969   0.02173  0.003104         0
     19/19     2.19G   0.02707   0.00481         0   0.03188        56       640    0.9321    0.9507    0.9809    0.7016    0.0215  0.003102         0
