       0/9     2.18G    0.0687   0.01054         0   0.07923        53       640    0.1059    0.2809   0.05647   0.01046   0.05759   0.00948         0
       1/9     2.19G   0.05161    0.0109         0   0.06251        94       640    0.6291    0.5893    0.6489    0.2507   0.04166  0.008235         0
       2/9     2.19G   0.04562  0.008741         0   0.05436        31       640    0.8297    0.7903    0.8548    0.4076   0.03849  0.007431         0
       3/9     2.19G   0.04071  0.007417         0   0.04812        64       640    0.8975    0.8996    0.9425     0.536   0.03039  0.005068         0
       4/9     2.19G   0.03759  0.006554         0   0.04414        59       640    0.9314    0.8432    0.9095    0.4548   0.03293  0.005415         0
       5/9     2.19G    0.0349  0.005998         0   0.04089        80       640    0.9314    0.9165    0.9523    0.5946   0.02897  0.004419         0
       6/9     2.19G   0.03313  0.005693         0   0.03883        88       640    0.9325    0.9242    0.9625    0.6185   0.02609  0.003918         0
       7/9     2.19G   0.03181  0.005558         0   0.03737        51       640     0.914    0.9287    0.9513    0.6132   0.02644  0.004104         0
       8/9     2.19G   0.03052  0.005438         0   0.03595        38       640    0.9226    0.9245     0.962    0.6261   0.02544  0.003836         0
       9/9     2.19G   0.03035   0.00538         0   0.03573        50       640    0.9358    0.9335    0.9658    0.6472    0.0242  0.003619         0
