      0/19     2.17G    0.0637  0.009158         0   0.07285        44       640    0.2073    0.3426    0.1504   0.03214   0.05141  0.009468         0
      1/19     2.19G   0.04945  0.008072         0   0.05752        32       640     0.682    0.6587    0.6994    0.2891    0.0467  0.007942         0
      2/19     2.19G   0.04428  0.006572         0   0.05085        31       640      0.88    0.7671    0.8685    0.3792   0.04063  0.006071         0
      3/19     2.19G   0.04033  0.005228         0   0.04556        32       640    0.8845    0.7076    0.8005    0.4182   0.04077  0.006081         0
      4/19     2.19G   0.03592  0.004726         0   0.04065        39       640    0.9312    0.8692    0.9367    0.5148   0.03526  0.004743         0
      5/19     2.19G   0.03353  0.004461         0   0.03799        28       640    0.9272    0.9005    0.9634    0.6002   0.03239  0.004253         0
      6/19     2.19G   0.03221  0.004325         0   0.03653        32       640    0.8451    0.7837    0.8551     0.422   0.03597  0.005084         0
      7/19     2.19G   0.03061  0.004125         0   0.03474        24       640    0.9347    0.9347    0.9712    0.6411   0.02719  0.003737         0
      8/19     2.19G   0.02966  0.004114         0   0.03377        30       640    0.8618    0.8724    0.9193    0.5575   0.02889  0.004467         0
      9/19     2.19G   0.02867  0.004031         0    0.0327        26       640    0.9377    0.9346    0.9743    0.6509   0.02705  0.003591         0
     10/19     2.19G   0.02832   0.00405         0   0.03237        38       640    0.9379    0.9173    0.9668    0.6471   0.02777  0.003767         0
     11/19     2.19G   0.02744  0.003963         0    0.0314        40       640    0.4183    0.3701    0.2962   0.09194   0.05407  0.007551         0
     12/19     2.19G   0.02712  0.003954         0   0.03107        32       640    0.9231    0.9536     0.977    0.6632   0.02545  0.003516         0
     13/19     2.19G   0.02648   0.00386         0   0.03035        39       640    0.9408    0.9401    0.9764    0.6761   0.02539  0.003479         0
     14/19     2.19G   0.02639  0.003887         0   0.03027        41       640    0.9231    0.9564    0.9799    0.6896   0.02351  0.003372         0
     15/19     2.19G   0.02587  0.003853         0   0.02972        40       640    0.9439    0.9472    0.9798    0.6963   0.02517  0.003271         0
     16/19     2.19G    0.0252  0.003833         0   0.02903        30       640     0.931    0.9482    0.9768    0.6838   0.02571  0.003394         0
     17/19     2.19G   0.02524  0.003841         0   0.02908        34       640    0.9409     0.952    0.9821    0.7001   0.02331  0.003243         0
     18/19     2.19G   0.02508  0.003886         0   0.02897        29       640     0.945    0.9507    0.9824    0.7007   0.02271  0.003242         0
     19/19     2.19G   0.02462  0.003805         0   0.02842        31       640    0.9397    0.9568    0.9833    0.7034   0.02297  0.003243         0
